094
249
225
206
163
127
014
117
172
140
178
022
203
100
166
207
135
125
221
030
068
210
222
044
183
042
229
234
213
048
198
160
216
151
123
235
209
243
107
144
174
111
177
064
075
084
227
170
069
237
143
244
226
220
066
246
187
180
218
184
185
021
016
043
041
053
193
141
219
154
157
215
015
050
217
031
088
078
145
159
136
045
093
103
018
165
082
205
024
087
026
148
142
061
055
060
164
035
182
073
092
013
062
023
070
150
038
192
124
047
112
173
010
175
162
202
086
115
201
046
130
149
132
090
029
195
080
027
095
171
003
067
232
099
108
072
089
236
006
052
179
118
040
186
056
076
065
199
005
114
134
152
039
194
033
063
025
212
138
002
008
197
102
158
083
167
054
196
131
116
051
190
214
007
059
019
106
079
004
017
098
156
208
189
129
211
101
110
137
147
109
081
231
036
097
128
233
230
120
032
012
242
037
153
139
191
146
020
091
224
034
121
119
126
248
133
155
000
085
028
071
188
247
001
204
241
049
011
104
113
200
240
074
161
058
105
239
181
057
176
223
096
169
168
228
077
122
009
245
238