042
068
000
052
045
120
076
087
026
077
003
036
055
088
044
100
084
011
010
119
014
125
110
047
019
064
040
038
113
061
123
067
054
024
126
028
103
004
056
073
083
057
043
114
037
039
082
121
096
080
058
102
007
108
071
062
002
085
025
124
069
048
075
112
086
041
030
006
001
013
107
049
092
099
091
097
015
005
031
095
023
111
027
033
078
021
106
063
017
115
098
022
050
094
032
118
104
066
116
070
072
081
009
105
109
053
101
079
018
117
122
059
093
008
020
046
029
035
051
089
065
016
074
012
090
060
034